777,778 -&gt; 777,676
500,510 -&gt; 378,510
441,657 -&gt; 441,638
724,480 -&gt; 724,778
702,85 -&gt; 44,85
973,961 -&gt; 28,16
913,125 -&gt; 483,125
714,895 -&gt; 870,739
273,774 -&gt; 273,795
623,450 -&gt; 623,616
157,49 -&gt; 987,879
430,775 -&gt; 382,775
58,938 -&gt; 718,278
290,366 -&gt; 604,680
75,252 -&gt; 760,937
46,947 -&gt; 788,205
731,197 -&gt; 28,197
25,15 -&gt; 964,954
317,440 -&gt; 66,691
166,427 -&gt; 544,805
686,800 -&gt; 50,164
858,569 -&gt; 447,569
596,50 -&gt; 596,327
739,218 -&gt; 739,278
382,852 -&gt; 382,960
11,984 -&gt; 970,25
911,390 -&gt; 790,511
739,299 -&gt; 739,254
989,172 -&gt; 989,567
36,335 -&gt; 249,335
60,900 -&gt; 121,900
299,380 -&gt; 299,178
701,932 -&gt; 701,224
626,282 -&gt; 641,282
83,532 -&gt; 83,91
246,125 -&gt; 95,125
73,446 -&gt; 308,446
902,907 -&gt; 26,31
841,298 -&gt; 841,547
264,737 -&gt; 974,27
170,199 -&gt; 170,120
135,428 -&gt; 319,244
431,240 -&gt; 431,691
406,935 -&gt; 889,935
192,526 -&gt; 192,82
236,54 -&gt; 236,574
667,369 -&gt; 667,559
501,42 -&gt; 620,42
130,973 -&gt; 208,973
213,639 -&gt; 542,639
943,266 -&gt; 247,962
545,864 -&gt; 423,864
252,698 -&gt; 359,698
314,501 -&gt; 314,948
203,974 -&gt; 472,974
947,125 -&gt; 175,897
956,544 -&gt; 512,544
862,264 -&gt; 549,577
606,138 -&gt; 606,862
239,123 -&gt; 902,786
201,643 -&gt; 201,473
916,375 -&gt; 916,807
10,10 -&gt; 988,988
490,659 -&gt; 490,559
72,66 -&gt; 967,961
215,225 -&gt; 215,281
930,856 -&gt; 203,856
172,481 -&gt; 172,23
867,684 -&gt; 349,166
843,45 -&gt; 843,971
250,779 -&gt; 884,779
973,464 -&gt; 973,794
543,868 -&gt; 39,364
968,424 -&gt; 968,289
470,489 -&gt; 936,489
411,573 -&gt; 411,206
120,691 -&gt; 120,401
134,649 -&gt; 412,649
452,203 -&gt; 452,597
155,604 -&gt; 155,278
914,854 -&gt; 685,854
38,972 -&gt; 975,35
153,403 -&gt; 418,403
731,152 -&gt; 295,588
242,560 -&gt; 513,289
930,619 -&gt; 506,195
547,320 -&gt; 899,320
237,368 -&gt; 479,126
417,842 -&gt; 26,842
213,581 -&gt; 506,288
741,597 -&gt; 742,596
79,440 -&gt; 79,108
424,946 -&gt; 985,946
535,833 -&gt; 716,833
249,328 -&gt; 772,328
616,905 -&gt; 981,905
46,877 -&gt; 227,877
841,770 -&gt; 747,770
202,44 -&gt; 633,475
556,354 -&gt; 556,829
617,864 -&gt; 129,376
318,310 -&gt; 318,927
259,300 -&gt; 259,485
167,482 -&gt; 167,265
349,184 -&gt; 885,184
616,199 -&gt; 921,199
710,162 -&gt; 710,373
499,87 -&gt; 499,214
905,51 -&gt; 258,51
134,739 -&gt; 858,739
879,428 -&gt; 496,45
208,599 -&gt; 208,908
68,225 -&gt; 268,225
581,456 -&gt; 86,456
898,318 -&gt; 278,318
84,910 -&gt; 940,54
344,206 -&gt; 798,660
51,75 -&gt; 909,933
783,780 -&gt; 94,91
907,935 -&gt; 808,836
556,736 -&gt; 556,592
39,611 -&gt; 859,611
29,73 -&gt; 29,438
898,390 -&gt; 898,518
777,647 -&gt; 163,33
144,962 -&gt; 523,962
827,676 -&gt; 469,318
267,647 -&gt; 360,647
742,438 -&gt; 660,438
214,76 -&gt; 214,873
550,177 -&gt; 923,550
182,191 -&gt; 329,191
765,737 -&gt; 765,118
387,322 -&gt; 895,322
174,785 -&gt; 714,245
733,453 -&gt; 852,453
497,136 -&gt; 131,502
574,931 -&gt; 574,568
282,198 -&gt; 282,412
971,324 -&gt; 940,355
827,358 -&gt; 130,358
954,726 -&gt; 311,83
207,195 -&gt; 936,195
42,935 -&gt; 921,56
955,46 -&gt; 35,966
627,361 -&gt; 627,888
37,202 -&gt; 91,202
697,599 -&gt; 155,57
227,264 -&gt; 285,264
50,790 -&gt; 797,43
717,693 -&gt; 88,64
145,234 -&gt; 628,234
358,791 -&gt; 835,791
765,739 -&gt; 765,888
900,204 -&gt; 581,204
544,789 -&gt; 367,789
508,424 -&gt; 689,424
23,964 -&gt; 976,11
404,728 -&gt; 404,949
327,891 -&gt; 327,431
596,204 -&gt; 596,95
686,201 -&gt; 686,982
132,836 -&gt; 132,11
574,434 -&gt; 574,862
41,60 -&gt; 936,955
283,246 -&gt; 283,11
29,226 -&gt; 962,226
483,916 -&gt; 483,562
962,913 -&gt; 131,82
455,316 -&gt; 729,42
858,503 -&gt; 165,503
795,68 -&gt; 388,475
697,477 -&gt; 986,477
932,633 -&gt; 932,114
376,730 -&gt; 270,730
598,672 -&gt; 833,672
69,46 -&gt; 935,46
178,95 -&gt; 862,779
633,73 -&gt; 34,672
488,690 -&gt; 517,661
784,450 -&gt; 784,986
955,560 -&gt; 955,760
651,959 -&gt; 172,480
406,330 -&gt; 406,439
955,737 -&gt; 987,737
194,272 -&gt; 843,921
18,553 -&gt; 93,553
422,387 -&gt; 249,387
318,79 -&gt; 494,79
181,814 -&gt; 709,814
63,62 -&gt; 987,986
636,357 -&gt; 162,357
973,15 -&gt; 27,961
444,415 -&gt; 58,415
884,531 -&gt; 447,968
320,928 -&gt; 73,928
154,357 -&gt; 426,357
200,482 -&gt; 367,315
505,872 -&gt; 505,861
314,432 -&gt; 502,244
912,676 -&gt; 912,618
683,590 -&gt; 881,788
761,708 -&gt; 761,758
40,941 -&gt; 543,438
847,370 -&gt; 801,370
701,297 -&gt; 619,297
140,618 -&gt; 725,618
72,24 -&gt; 968,920
767,396 -&gt; 434,63
710,918 -&gt; 213,421
917,770 -&gt; 92,770
20,979 -&gt; 987,12
909,62 -&gt; 152,62
932,987 -&gt; 56,111
460,382 -&gt; 797,719
518,388 -&gt; 964,388
456,299 -&gt; 456,15
84,783 -&gt; 786,783
982,669 -&gt; 58,669
140,156 -&gt; 140,130
613,264 -&gt; 613,582
267,636 -&gt; 267,805
141,631 -&gt; 762,631
575,26 -&gt; 243,358
318,900 -&gt; 704,514
118,914 -&gt; 118,757
952,846 -&gt; 99,846
673,353 -&gt; 673,633
422,130 -&gt; 228,130
738,52 -&gt; 717,73
307,307 -&gt; 126,307
484,161 -&gt; 942,619
576,886 -&gt; 52,362
375,297 -&gt; 505,297
950,82 -&gt; 243,789
411,57 -&gt; 411,844
879,137 -&gt; 879,334
483,703 -&gt; 483,213
192,24 -&gt; 74,142
561,286 -&gt; 263,584
493,121 -&gt; 493,604
715,576 -&gt; 715,945
238,258 -&gt; 461,258
331,470 -&gt; 851,470
435,22 -&gt; 435,273
315,377 -&gt; 135,557
128,195 -&gt; 794,861
391,143 -&gt; 391,580
33,680 -&gt; 814,680
611,50 -&gt; 611,79
650,28 -&gt; 650,57
196,538 -&gt; 622,964
333,222 -&gt; 333,457
313,254 -&gt; 803,254
508,581 -&gt; 41,581
40,411 -&gt; 55,411
458,600 -&gt; 775,283
105,678 -&gt; 105,345
397,546 -&gt; 814,963
915,669 -&gt; 915,793
773,952 -&gt; 395,574
884,198 -&gt; 404,198
408,929 -&gt; 408,623
123,158 -&gt; 340,158
418,927 -&gt; 757,588
304,338 -&gt; 304,990
505,184 -&gt; 505,28
938,869 -&gt; 938,181
11,959 -&gt; 949,21
232,949 -&gt; 232,660
479,826 -&gt; 479,69
323,427 -&gt; 834,427
460,385 -&gt; 460,94
199,529 -&gt; 493,823
767,58 -&gt; 134,691
901,320 -&gt; 861,320
31,354 -&gt; 28,354
335,165 -&gt; 980,810
586,394 -&gt; 277,394
106,807 -&gt; 567,346
814,987 -&gt; 79,987
166,766 -&gt; 166,990
883,213 -&gt; 676,420
458,454 -&gt; 936,454
878,953 -&gt; 878,682
868,340 -&gt; 868,503
778,252 -&gt; 778,159
237,611 -&gt; 928,611
221,357 -&gt; 643,779
793,775 -&gt; 509,491
719,78 -&gt; 719,878
764,722 -&gt; 107,65
696,323 -&gt; 696,816
49,726 -&gt; 385,726
730,974 -&gt; 386,974
973,310 -&gt; 973,748
12,173 -&gt; 200,173
164,482 -&gt; 473,482
802,807 -&gt; 648,807
104,843 -&gt; 747,843
154,919 -&gt; 802,271
919,837 -&gt; 150,837
882,930 -&gt; 882,752
717,468 -&gt; 461,468
925,112 -&gt; 925,329
714,688 -&gt; 714,66
35,781 -&gt; 737,79
644,139 -&gt; 819,139
340,500 -&gt; 340,195
10,909 -&gt; 524,909
914,790 -&gt; 82,790
962,271 -&gt; 257,976
352,170 -&gt; 352,239
666,39 -&gt; 614,39
854,937 -&gt; 818,901
88,865 -&gt; 852,101
121,796 -&gt; 907,10
836,572 -&gt; 836,649
976,953 -&gt; 976,54
566,584 -&gt; 566,216
927,702 -&gt; 927,703
896,441 -&gt; 896,741
20,30 -&gt; 958,968
934,804 -&gt; 238,804
562,323 -&gt; 12,323
789,550 -&gt; 356,550
906,225 -&gt; 906,886
513,819 -&gt; 513,157
129,80 -&gt; 977,928
37,815 -&gt; 50,802
325,30 -&gt; 899,604
183,614 -&gt; 647,614
497,170 -&gt; 662,170
598,134 -&gt; 228,134
57,636 -&gt; 57,390
11,938 -&gt; 649,300
911,952 -&gt; 850,952
35,950 -&gt; 698,950
161,239 -&gt; 536,239
359,569 -&gt; 359,238
711,945 -&gt; 599,945
866,756 -&gt; 866,987
674,978 -&gt; 96,400
254,653 -&gt; 254,590
655,810 -&gt; 256,810
942,892 -&gt; 394,344
895,744 -&gt; 895,408
549,478 -&gt; 395,478
162,193 -&gt; 162,527
347,242 -&gt; 823,242
251,867 -&gt; 251,77
167,233 -&gt; 285,233
189,969 -&gt; 866,292
847,118 -&gt; 52,913
206,650 -&gt; 131,725
34,790 -&gt; 34,824
872,441 -&gt; 475,838
242,538 -&gt; 718,62
456,514 -&gt; 233,514
384,761 -&gt; 640,761
782,388 -&gt; 782,949
928,809 -&gt; 928,618
461,415 -&gt; 869,823
240,487 -&gt; 215,487
970,687 -&gt; 737,920
63,749 -&gt; 63,493
274,99 -&gt; 462,99
941,989 -&gt; 58,106
142,594 -&gt; 788,594
120,705 -&gt; 535,705
680,248 -&gt; 631,248
544,807 -&gt; 544,737
972,606 -&gt; 972,706
846,800 -&gt; 84,38
836,108 -&gt; 35,909
691,290 -&gt; 691,377
979,883 -&gt; 293,197
766,851 -&gt; 955,851
737,551 -&gt; 713,551
247,70 -&gt; 247,592
855,153 -&gt; 715,13
432,263 -&gt; 797,263
495,839 -&gt; 184,839
544,923 -&gt; 544,45
887,676 -&gt; 875,676
922,230 -&gt; 922,900
168,612 -&gt; 31,749
505,446 -&gt; 625,326
504,370 -&gt; 504,511
943,538 -&gt; 943,784
653,40 -&gt; 653,712
613,973 -&gt; 760,973
152,824 -&gt; 550,426
335,35 -&gt; 57,313
614,334 -&gt; 614,938
399,205 -&gt; 961,767
387,903 -&gt; 583,903
218,395 -&gt; 190,395
935,524 -&gt; 935,402
821,111 -&gt; 821,372
609,621 -&gt; 220,621
503,288 -&gt; 467,324
641,139 -&gt; 641,369
420,924 -&gt; 420,532
344,504 -&gt; 344,698
340,96 -&gt; 169,96
835,505 -&gt; 640,700
464,344 -&gt; 464,133
946,396 -&gt; 946,10
295,313 -&gt; 437,171
330,286 -&gt; 291,286
608,653 -&gt; 608,613
360,410 -&gt; 749,410
115,288 -&gt; 115,334
915,550 -&gt; 915,858
902,16 -&gt; 143,775
201,901 -&gt; 170,932
37,968 -&gt; 987,18
40,332 -&gt; 586,878
271,407 -&gt; 271,858
836,674 -&gt; 624,674
308,715 -&gt; 361,715
733,818 -&gt; 449,818
23,36 -&gt; 862,875
278,655 -&gt; 685,655
924,764 -&gt; 924,913
479,250 -&gt; 850,621
312,116 -&gt; 468,272
10,954 -&gt; 891,73
554,313 -&gt; 918,677
846,773 -&gt; 846,476
681,948 -&gt; 681,961
418,835 -&gt; 263,835
352,222 -&gt; 557,222
782,188 -&gt; 782,11
609,845 -&gt; 954,845
866,882 -&gt; 310,882
479,180 -&gt; 119,540
278,866 -&gt; 140,866
874,617 -&gt; 505,617
491,942 -&gt; 280,942
584,574 -&gt; 839,829
475,466 -&gt; 620,466
652,215 -&gt; 652,85
906,746 -&gt; 906,824
381,317 -&gt; 749,685
294,837 -&gt; 294,165
450,893 -&gt; 430,893
99,374 -&gt; 99,864
919,313 -&gt; 99,313
187,91 -&gt; 187,304
654,982 -&gt; 654,324
662,223 -&gt; 471,223
848,554 -&gt; 848,13
14,851 -&gt; 14,855
438,287 -&gt; 531,287
611,277 -&gt; 309,277
630,379 -&gt; 630,99
621,531 -&gt; 787,531
12,292 -&gt; 12,11
18,985 -&gt; 162,985
49,919 -&gt; 530,438
329,828 -&gt; 369,868
725,976 -&gt; 725,267
826,591 -&gt; 826,562
249,651 -&gt; 280,651
467,461 -&gt; 759,461
720,968 -&gt; 745,968
414,29 -&gt; 54,389
204,740 -&gt; 91,853
694,300 -&gt; 694,393
517,748 -&gt; 517,231
465,946 -&gt; 718,946
252,322 -&gt; 902,972
109,641 -&gt; 692,641
973,969 -&gt; 104,100
302,368 -&gt; 302,914
385,19 -&gt; 385,192
460,851 -&gt; 387,851
310,221 -&gt; 660,571
684,147 -&gt; 642,147
371,711 -&gt; 169,913
810,727 -&gt; 810,559
428,576 -&gt; 88,236
381,33 -&gt; 655,307
37,428 -&gt; 37,68
11,29 -&gt; 962,980
880,698 -&gt; 227,45
624,361 -&gt; 624,351
487,917 -&gt; 183,613
725,498 -&gt; 725,889
880,71 -&gt; 27,924
856,752 -&gt; 274,752
541,419 -&gt; 516,419
803,688 -&gt; 152,37
835,304 -&gt; 964,304
480,249 -&gt; 74,655
742,883 -&gt; 213,883
943,41 -&gt; 378,41
869,924 -&gt; 869,563
