Tile 2311:
0011010010
1100100000
1000110010
1111010001
1101101110
1100010111
0101010011
0010000100
1110001010
0011100111

Tile 1951:
1011000110
1011110001
0000010011
1000111111
0110100001
0111011111
1110110110
0111000010
0010100101
1000110100

Tile 1171:
1111000110
1001101001
1101001010
0111011110
0011101111
0110000110
0100011110
1011011110
1111001000
0000011000

Tile 1427:
1110110100
0100101100
0101101001
1010101101
0000100011
0001100110
0001011111
0101111010
0010011101
0011010010

Tile 1489:
1101010000
0011000100
0110011000
0010001000
1111100010
1001010101
0001010100
1101000110
0011011011
1110110100

Tile 2473:
1000011110
1001011000
1011001000
1111110101
0100010101
0111111111
0111010010
1111111101
1100011010
0011101010

Tile 2971:
0010100001
1000111000
1010111000
1101100100
0111110011
0100111101
1001010010
0011110111
0010101110
0001010101

Tile 2729:
0001010101
1111010000
0010100000
0000100101
0110011010
0101111000
1111010100
1101111000
1100101100
1011000110

Tile 3079:
1010111110
0100111111
0010000000
1111110000
1111010010
0100010110
1011111011
0010111000
0010000000
0010111000